3                                   1                             
       8                                                         2
                                                                  
                                                        3         
                  2                                               
                                                             2    
                                                                  
                                                                  
                                                           3      
                                                                  
                                                                  
                                                                  
                                                                  
                   1                           1                  
                                                                  
               2                                                  
                                                                  
                                                                  
                                     9                            
                                                     4            
                                                                  
2                                                             3   
