                                                                  
  1                          2 2                               8  
                                                                  
                                                                  
               2                                        1         
                                                                  
                                                                  
                                                                  
                                               1       3          
                                                                  
             7                  2                                 
                                                                  
                                                                  
                                                                  
                                                                  
                                                 1     1          
                                                                  
           3                                                      
                                                                  
                                                                  
  1                              4                             1  
                                                                  
